Test triaxiality.

Mock catalog:
Width: 100x100 pixels
Axis ratio q:  0.6666666666666667
c:  3.890554441834905
r200_Mpc: 1.026773208537997
ARCSEC_TO_MPC:  0.00588784182755241
BOX_WIDTH_ARCSEC*ARCSEC_TO_MPC:  5.88784182755241
SIGMA_C=3.77988e+15
arcsec_per_pix:  10.0
